0.03116965494754209,0.9213640649678809,0.7424156540867766,-0.10090088447945866
0.1354134446604912,0.11259885141505643,0.4301620864995359,0.4637179120494283
0.2980715562025571,0.9525155796271997,0.13012408796368047,0.08552360321841432
0.7919968471293681,0.8953866725963501,0.882712216452948,0.2227536794118526
0.8158882082813819,0.08427937637014549,0.8056607575682845,-0.40873172738042163
0.3516385472692334,0.9457127317252589,0.9501514390070158,-0.1425367617357564
0.9939519650473927,0.9069229713843487,0.2728292010446173,-0.07538322873452039
0.680026024074319,0.6123141070519668,0.38305660400182784,-0.32704789354822517
0.09216563185504745,0.7226105246857897,0.06378997610652315,-0.1463697406577423
0.13089205928937064,0.042396444079480955,0.8354037238403434,0.04444448565141357
0.2643882248374837,0.8738142255751248,0.9883156415429226,-0.2423624228020831
0.2965721154726716,0.48124856413570605,0.10516397739177852,-0.06502802678218447
0.3426944314594791,0.343275487866755,0.6574257024429192,-0.16229841884242258
0.32528538789408934,0.9846365367298893,0.27592493071173896,0.07887576863938142
0.4472000046638216,0.8316058700750125,0.01054552654843166,-0.11670496951503548
0.47352123936703994,0.2805484405253267,0.221447650466864,-0.08157435113708747
0.9141701394217643,0.9021356216254958,0.6513867441895,0.08949233266476325
0.24480807953810846,0.4337954247999207,0.5667580806523269,-0.0393467097807606
0.481419839344876,0.1531355832892043,0.22749885495443256,-0.028159936538689263
0.7561539538973799,0.8499140912763237,0.2301667559497791,-0.25304903162007786
0.7414919088533465,0.8610320020301507,0.5994320828661922,0.06696105838483302
0.7621792719689926,0.12191992844974442,0.00774247076701573,-0.1661173876697403
0.32854616973724005,0.307554822560841,0.7870935383044344,-0.26907565693627733
0.7428869963599578,0.06477483570579723,0.7593342654688824,-0.5176654917044158
0.32497762511828654,0.5286365511874629,0.47446131341871045,-0.12167178804350283
0.35948760986162065,0.7098643987126828,0.8642177266452477,-0.2665673289017272
0.8110413927377884,0.5199094090762225,0.44250948318590444,-0.36348450530635257
0.4359413624642874,0.9291232050296948,0.03268946169510445,-0.015900964870116135
0.10961096362772738,0.8163122553954029,0.5990288315346639,-0.18787126393007647
0.010998666207994945,0.0313630601670456,0.88217192739951,0.11718768784905143
0.04492397577889895,0.6919671878282111,0.11991775299065732,-0.18895563489294537
0.3024910501923256,0.09938820000484805,0.05422311088959497,0.16453007114079604
0.8069392542065766,0.158342380677165,0.6182555757159678,-0.5735258304780176
0.05529720978433461,0.9150374766138091,7.481259944233098E-4,-0.03075808867723691
0.8317810286335057,0.17788951489015248,0.6457186584660446,-0.528439245057003
0.42651095488848967,0.12166550488017946,0.8890321626808281,-0.4392329103604672
0.4355924876561038,0.557801186813574,0.30819840085387573,-0.1913358933644284
0.5624716144956744,0.29292696322081224,0.6481866442736073,-0.40902723410519215
0.9077533567133551,0.39213343479612583,0.36824336145732706,-0.46242988965679815
0.4059565900447082,0.978099072121387,0.8333204436498064,-0.08070674654342663
0.9354957965888122,0.5250039748190138,0.10746436069808685,-0.36785513174404805
0.14833577268862463,0.6644809701629966,0.34419549689473916,-0.11213921034012311
0.8230223869300496,0.7045098407952337,0.0504752942288299,-0.39086704361972835
0.5180721342615389,0.19543605530303398,0.7751503963391185,-0.4527917181701263
0.13369857630837667,0.07488744197241348,0.6983328494218337,0.24390517465055728
0.7277235832007446,0.18905445365293505,0.2624046298677666,-0.4197402439674891
0.4450544495597434,0.6486125360720691,0.8956996526916106,-0.20151618001132604
0.13753766313406846,0.7697520297733035,0.6500901145459465,-0.23454421898984312
0.6063457348543256,0.9428357498913307,0.7458760204195796,0.08082056007436325
0.33268006669550676,0.7277982422771713,0.930974327789322,-0.29179094931254757
0.6423344757457022,0.13487149091201078,0.8970901342585563,-0.46071842976789174
0.447830153039262,0.5060715242356134,0.5921891580654233,-0.2325598893173839
0.5916677070206375,0.765381899904135,0.0295436915623688,-0.2911613026715617
0.8489123395870829,0.04743872431283791,0.36759167558528616,-0.5495667854852744
0.6125481706837284,0.11827323753484165,0.8750942844752188,-0.49131565727691734
0.13558710428023468,0.06008441391542518,0.1707554483841529,0.29099388576026725
0.5629672657009925,0.152877792219962,0.6714061002148906,-0.4765118319915541
0.34515180189161343,0.1337918002599391,0.657003426874538,-0.08160719464732291
0.5701475974429021,0.023330189661956213,0.5830799813562952,-0.45845855882510417
9.258873307791404E-4,0.001385795309230109,0.9871948452539059,0.011899338746998445
0.36843341135752006,0.35564060028697975,0.9787240638067631,-0.42293382527258067
0.5851197336450268,0.1419586000708899,0.28489752693294956,-0.2493674106286107
0.10296234427213513,0.17516962679194592,0.12205719770844892,0.18272736860692193
0.2535853335553513,0.5936434576809899,0.8837137395212116,-0.37683352356222755
0.986213228260586,0.5932470891096867,0.5757428376657207,-0.08324702412964102
0.32057565650369024,0.9330012759035966,0.4413594001094293,-0.028118812183280786
0.4459943967249659,0.5256523820552181,0.6093910012215312,-0.23161697646301038
0.6954210251390913,0.7068234643163839,0.08697446645079743,-0.38924382141455083
0.9285250661773571,0.07856149948519064,5.823023891271539E-4,-0.07273767958213435
0.066468230833155,0.4134989606788606,2.937291868303493E-4,-0.13599804262900447
0.2027621474075535,0.09722009783663499,0.5942728856925724,0.288322040825395
0.014198999200812246,0.34008098489263294,0.7748320857457929,0.052402831140957784
0.15769738563529434,0.32374678793062606,0.7878232354442817,-0.08380676551518973
0.2554968340797943,0.004735985229154083,0.9681159053400293,-0.28371933068840904
0.670534491571767,0.7947091144621524,0.10431965824133982,-0.31688477525899955
0.0317972825219377,0.6411503493691034,0.8130703263316835,-0.24383066847908516
0.049869388532179926,0.46492325020093495,0.2458651801801126,-0.026297089175128123
0.9594313731494087,0.5223750928607448,0.8756817577886608,0.1901263976472728
0.8955237441536242,0.5566581722050946,0.4430198525970521,-0.3000011567787839
0.9618381934017293,0.05904425066773,0.7615933169610342,-0.3225080690761608
0.45869108572433825,0.08530195576731969,0.6703585022120948,-0.32380354915227094
0.7483266529558579,0.5453209430690485,0.861838002449764,0.10639317337110066
0.8975815687383103,0.23267603137188486,0.9368503204419126,-0.08612576784189385
0.5374388018087086,0.36159943267369554,0.6958192950037098,-0.3528383208409926
0.29171187831097756,0.35353536562757815,0.6109900386854759,-0.052977681274766764
0.7363069026408606,0.9940800051634713,0.06514041997049103,-0.15037928315785254
0.16116947814753002,0.08222410259551838,0.7537359053482718,0.12017997791273671
0.26918092753079004,0.6878817685891319,0.9290607490524866,-0.3585847737093962
0.21624880960427006,0.22469091180987333,0.028627376357176715,0.10682031352007652
0.4338851945522174,0.12427491339929453,0.40219980558534896,-0.013276875151061851
0.49035156104452526,0.3927087214361141,0.6811279785360784,-0.3128557372478307
0.08656590625785932,0.58769122181661,0.35546535662646683,-0.0884957126956504
0.1593762493658687,0.9756677171086858,0.7433043839090454,-0.12255989287306676
0.6918211212739581,0.47007295306076047,0.8667811751039476,-0.05608360510074406
0.6702838462876892,0.41106595021754666,0.3623280461110343,-0.4374800874358899
0.20313360190213958,0.12638282362600095,0.8606305864577019,-0.1078010785692124
0.15828152178318455,0.4650405378396152,0.48075650672883696,0.03419730015453695
0.7803097576479286,0.4451393482740069,0.13319446679674607,-0.4331253236116561
0.06615109365402172,0.5730617259496587,0.9437850045629171,-0.313887782022023
0.22608941744467514,0.6029470751465867,0.06829400196015534,-0.10911166140182509
0.8525813389987615,0.2192290316659603,0.0761913993956429,-0.24920059017008842
0.49983348204486944,0.3253285133134506,0.4906799802922077,-0.2623664954809184
0.3227287943765268,0.8983187116565393,0.3839458107651872,-0.03374536742743242
0.3056962982081719,0.24276932901126846,0.6065405920627684,0.016610568146441573
0.48929662116506645,0.7525547805496984,0.9887062486907371,-0.06767590962554032
0.16629766088972986,0.1976770570393629,0.9724053006376181,-0.20397583638300332
0.703724168369619,0.39662019719679686,0.8158407601315667,-0.18882150253646635
0.4878541791504082,0.38371435248792474,0.08575734609930508,-0.16609133052727834
0.7340337377138341,0.42816230114758635,0.21824081697144126,-0.45276318423110956
0.3531099330976947,0.16436450723361995,0.9733547631864145,-0.4142986887148653
0.3297768942046475,0.40233081982050345,0.3409367385922485,0.01871234900848022
0.3952016222292839,0.17515903173423064,0.08310400440426635,0.08191657414147087
0.8485229376579249,0.6599444008757982,0.9991807739799549,0.3099218598435072
0.4066523120468284,0.6381591532061356,0.6758065947771055,-0.21986819257588258
0.6374766680241643,0.9188129593991613,0.46089254018106374,-0.047339918469005204
0.9177403607432894,0.6543222859473241,0.6245589457825818,0.024701093412393738
0.9050149809128949,0.3425264191829046,0.27070306950608947,-0.4454947214304173
0.9791338681691407,0.9574676573704112,0.21925676346619916,-0.05413309296222011
0.7889815166309935,0.313505931652474,0.026702617408712603,-0.28784505770353774
0.7433957834284468,0.252718553491446,0.9456370749327881,-0.23874037583415209
0.6621399234392299,0.07702760876043557,0.8936813220792803,-0.4655337607931886
0.14410127253288607,0.7844591728119285,0.7635628938176218,-0.2738878165649058
0.5127968660612869,0.05687557971462398,0.10131686343399371,-0.022282797531252438
0.30209160850552774,0.3177869179590822,0.6956665046329612,-0.13802462359734602
0.5246822969475986,0.03473262079656003,0.8974461438623427,-0.5032527429154597
0.07492342119425621,0.8288357913549436,0.39974515043984193,-0.12073200463931628
0.9510025526947298,0.6447293644290709,0.49217546503239173,-0.1425230505961102
0.03383076568051835,0.11072517489690592,0.22804942138333317,0.28697341311651414
0.6513295061640428,0.1689694224592383,0.6969212606224875,-0.5332257071487388
0.7753550196395421,0.362673023410953,0.2622958154595548,-0.47507974661049995
0.5266908900852554,0.3834323882874485,0.9141998562261131,-0.3346626097723458
0.8219382826206733,0.961284351508383,0.190221805797254,-0.15692255734955282
0.7598012689178377,0.9474043330628873,0.2216336171510731,-0.17010785449997726
0.9538239509412477,0.7583553656635119,0.19001288253225412,-0.2587203618453297
0.6276062534210551,0.35134792034247675,0.7916318540655702,-0.3290102424227989
0.9570362682975696,0.8237559615533484,0.292065622162789,-0.16191383584014457
0.5078694625567115,0.8326292194493174,0.24282162607761848,-0.1530169508250474
0.8293751871569137,0.8919836947753823,0.869286627414024,0.21815704564218186
0.02795194287277314,0.5773659579416006,0.5987151820961732,-0.11585067656365036
0.1154852729585506,0.38561060752339515,0.8903162615049336,-0.21007569877975507
0.5016296803017656,0.388329361830969,0.8733424525417943,-0.34754576125469105
0.4472442225419748,0.7087328771672976,0.5744334172819888,-0.16166615803947398
0.44005844816184014,0.2986713510500505,0.37456438441913464,-0.08323692347304056
0.5479401002367963,0.13122325154439718,0.8790468976225165,-0.49577766411738966
0.9989870553430041,0.1314849364462609,0.24730604319602156,-0.30651387660592166
0.9658210389794766,0.5444891594781229,0.39408371125980546,-0.3155475707131742
0.4010818794485904,0.07494310917736058,0.6266686885012045,-0.15703770512517268
0.9793323557006581,0.3578472077160484,0.3226008900240319,-0.4103899090033933
0.23667059633297016,0.08797323896796505,0.7623396561447624,-0.01603374415349612
0.3543053478529795,0.9396990618876608,0.20079623016488346,0.04098416433710831
0.8571293917583237,0.5449648351881711,0.260328962715521,-0.43673677652791604
0.6210059972249317,0.07947493158604213,0.3073816980070253,-0.32286294657908216
0.013191665303684319,0.439602454267345,0.9871137466262413,-0.2226365180624592
0.011642859515217374,0.6667125061997473,0.5829836855379606,-0.16733028361088909
0.3081841001799627,0.7141658244032584,0.43792812618394106,-0.14835179644065152
0.188896457283368,0.03645099392904194,0.6226997279322437,0.2811643392133167
0.7080141672770871,0.6750220963576042,0.40023633396188263,-0.2658092106657468
0.9823708946561036,0.5210046648920773,0.5139003112812862,-0.2241563189153249
0.22192909058483645,0.8579007875897513,0.3822867600498677,-0.06279055115593737
0.9085574031246993,0.6546784692430785,0.10841385768224054,-0.3706138070110615
0.30880513905465756,0.2751193775561086,0.5338493871136692,0.06793532572648436
0.7037912315632988,0.0995129797985903,0.681854517068156,-0.5746679763545655
0.6130461871284772,0.41531615941522015,0.09245700079893593,-0.3186567682503819
0.16850419748375545,0.7679870414986328,0.828394884683974,-0.3084682390311891
0.25398636198556834,0.1754243455868547,0.8462379151463615,-0.1837664158350838
0.5714272340841278,0.3059264050783055,0.14897463385517118,-0.2206698292952583
0.21679219967639085,0.6324388740131183,0.738159663709407,-0.3025317486435404
0.7577559990127085,0.23070740412050306,0.6438770236756394,-0.5204616638189857
0.9769088004015288,0.053711633347180654,0.7424883084321483,-0.3331856067149534
0.05601053530083988,0.6831166357106234,0.3427700558818807,-0.1511608368479666
0.561631504384602,0.19066366271481416,0.14067112839088436,-0.13597270094623587
0.4916236683434606,0.2047233192517881,0.26955261246992224,-0.08577267595437725
0.9608237080969589,0.890399447601276,0.600709356239812,0.04822114029093669
0.6452827523473245,0.8770018815289454,0.31539345973049127,-0.16278109533819707
0.46543078220556056,0.6281030642117594,0.23331759514158468,-0.22726064274159527
0.49170381186697276,0.9062489748628417,0.4978043981113687,-0.049929904350108564
0.8804254211906096,0.24251176321037837,0.4435562829422426,-0.551263042205642
0.5176858551108912,0.5839852752675293,0.7299240470850702,-0.16974250427757295
0.04319794375431529,0.026304189512809217,0.7238366637590625,0.3025680088538304
0.4417039921187632,0.9423060952082827,0.9727587250098035,-0.06324675731388225
0.016092493132559005,0.2588828202940694,0.020773906362237526,-0.0492785822438159
0.5825544522539733,0.2257123953612622,0.1511564071356477,-0.1863181616353232
0.22157394155510302,0.19362447049276077,0.3537169493551964,0.3480363540457379
0.7901376490805528,0.05535175623476163,0.6858820331860437,-0.5589304179141439
0.5810555241873064,0.6449475341186434,0.5382023099659813,-0.17105581099548253
0.34271182905788167,0.330242660072235,0.9302927346703757,-0.3956556380047293
0.006263058874914296,0.4290988072744495,0.1662285085775258,-0.08498143574546205
0.11409180121679041,0.12673440533019797,0.24863217948126026,0.3517864684356313
0.8995715401097272,0.5598754588819772,0.08216461310205325,-0.3905949910644074
0.9504112039000837,0.17783217298411602,0.27860095963691034,-0.3972475523674425
0.34331305683600255,0.8969184097126661,0.05520852059444803,0.01630481624957286
0.6951844895338267,0.6656319160607131,0.9752149790386612,0.19898578514954512
0.5157862021452192,0.7969698247352206,0.9453830997943385,-0.006328909618524725
0.8363521732572023,0.6923764410523288,0.024514892902550156,-0.38806936562985367
0.35363413420781087,0.681681523190465,0.5707675181276846,-0.19943242906106867
0.7894927884252653,0.7298527706539183,0.879785803426073,0.27542728636236213
0.29831697466679796,0.56016727978014,0.5615465902880233,-0.17315869325455918
0.39404184964640687,0.8261628082246782,0.04181694667089586,-0.0794830368277541
0.0023712968212614705,0.7283649946521271,0.5059339385022313,-0.17321622954015697
0.09764667429943774,0.28835694394521705,0.8574746498201962,-0.06787051320179172
0.4346915648265637,0.7051383601105815,0.6003781976945454,-0.16861618703334397
0.39805873632016764,0.7959349120893239,0.42345776699784043,-0.12211753735817446
0.8907218582907038,0.09850462728777143,0.17985564448090263,-0.30734852323818984
0.5594476864625528,0.44258075581856315,0.5774025710547921,-0.3064165576240503
0.8826279408606785,0.4629023381459705,0.9635296371722072,0.1764901251803923
0.12481723649346621,0.48237178921638457,0.15623126317280545,-0.04841051521927382
0.827516210200342,0.2953614766512368,0.5685290168654251,-0.4937876192932178
0.8092856990757747,0.6746256180137338,0.9683962538309004,0.2962876210788655
0.3617433632156931,0.40703413972578795,0.9538544824922047,-0.40561746567479595
0.5282186596588279,0.10293697169013427,0.3259377810725975,-0.1654985917219845
0.15135643826958278,0.8258903741132949,0.513127502042959,-0.15058125540067496
0.4342910412222504,0.38509787632311687,0.6243964331426419,-0.24900820614875938
0.3296318837967722,0.7624556376093105,0.766589341964501,-0.24652372445610993
0.300114909963912,0.9096536965428093,0.7508317849958229,-0.17226897655432277
0.43133411927864995,0.6761154591824002,0.15885327012651163,-0.19310943524691404
0.576573205553878,0.4218628306277298,0.9965952416267371,-0.2275365369532669
0.5903507164218187,0.08446716912570229,0.6706986886215017,-0.5185268872985122
0.21679874470103344,0.14871427593885378,0.4030649346662504,0.38364146647032193
0.1753249964563045,0.9790577743531366,0.5438372027253772,-0.0419271063984927
0.41406165345133894,0.08320312552902875,0.8731263806092995,-0.4194398328063031
0.23120827429590796,0.8610892129723501,0.8121155663438738,-0.24492666912838762
0.8377750732163508,0.8479330949911016,0.03349924682727479,-0.27779373506950894
0.5195850777740605,0.8506474203094732,0.8679637687863188,0.010622278465200558
0.6413780706711716,0.20484816597374955,0.37467114857639383,-0.42637739861178603
0.4753474234574797,0.7099485561455763,0.4778366638667382,-0.16800907185417607
0.3818552377217751,0.1709043461748131,0.06467924662495439,0.08994304130852354
0.5618488549641976,0.1590932863757365,0.4255991925246213,-0.3249877848287269
0.25283349282039747,0.41006729346441884,0.5156324405015963,0.021256162342354418
0.7729694608131487,0.5528570926378685,0.9108073305059733,0.16738359282674053
0.45815667215982636,0.09332732543005862,0.0599157487243106,0.03840765146861993
0.032357261395908554,0.8769716264571193,0.4840526261350828,-0.11153515612730147
0.7040582282098179,0.41549687283185033,0.2955679273313402,-0.4556057570041582
0.03314601635686065,0.4568953659075866,0.3602583022611269,0.038076556484381796
0.2758783494080367,0.017313085643785975,0.9133484880260268,-0.2655376588569186
0.3732195268156975,0.6428339480932529,0.5312018399166143,-0.19035701269657457
0.8969356387499321,0.44259722178679095,0.29436244093393593,-0.4488191348582867
0.32101729284515923,0.7302273803428189,0.9906324514798186,-0.3063671651408453
0.9967622922494885,0.643588688553054,0.3365185611171557,-0.2554571484328634
0.01623920168115567,0.23042391269202034,0.30106636939302767,0.2819617123295555
0.394426084440194,0.28561211797262664,0.8471592733502396,-0.37656851681138886
0.6117768356548298,0.35403703482052995,0.5544667824096866,-0.4049623749719504
0.02793983162189584,0.9693659975595397,0.24139549587425335,-0.008063391333059378
0.7128120568273678,0.7886319999001388,0.815212545100483,0.20959214637240975
0.8275302680181581,0.43163068105044977,0.07135817665025368,-0.38707281991103004
0.30319456611945617,0.9188904147553052,0.36057096172383607,-0.005411620530122771
0.2804007798866913,0.6712441450445085,0.23796837869043574,-0.10073285692760205
0.17672899254347618,0.9741052554776951,0.3507264802470744,0.04594792946154046
0.6060561846190257,0.8168269921248282,0.3080279569837977,-0.2003332327049463
0.14253127724021641,0.9144925796748528,0.03857078993185559,0.034451285748164265
0.7396126379064649,0.3678661937441521,0.6764241378868268,-0.3365661721128587
0.05169473183198792,0.4509696061383548,0.7620930087402747,-0.09785399681800938
0.7880172807671917,0.33518047074314095,0.9238698937186945,-0.09962777639677844
0.02154962832841467,0.49622168609622963,0.9143609513065962,-0.2238555260826936
0.1098559686302516,0.3361515992270304,0.4696001341970787,0.24512536402217666
0.3100990215710081,0.6784097397644344,0.9446692312050079,-0.3408449839022916
0.2994039249874546,0.09195550414008624,0.8974075535026474,-0.28879816125093893
0.734927692769878,0.719986455842492,0.4682386448633049,-0.15166081004605797
0.8026311764639211,0.1777785980429999,0.3308125553741257,-0.5186673236324018
0.6280536023773854,0.44689230116510914,0.4315437645146769,-0.3809855089838417
0.6267342049533765,0.6139466145026254,0.18436764306645004,-0.3817159584438358
0.2827333372623877,0.6988683863872706,0.34846559991218984,-0.11754666328525454
0.14203084782520436,0.6991913303321643,0.055325753583292614,-0.12377400944269122
0.06393513946167118,0.2576057346173981,0.16342418471009978,0.13888446901095375
0.6292039894303154,0.7919706851194649,0.5222556069260933,-0.06554274780709621
0.6267188318867516,0.19067279986260188,0.7577329754596669,-0.49752059111478253
0.35626124920544644,0.8787584709357439,0.06064235965232434,-0.008037482404966118
0.49365067899950144,0.3672301772544946,0.36279607023110194,-0.2074727334881887
0.2354204551464426,0.23831540743989876,0.09291845861883496,0.14777265013909618
0.9830466579507476,0.7749281160242779,0.7184801537343091,0.1322740676988488
0.7145352036784983,0.24881167570478058,0.5814571348424786,-0.537736151216561
0.7255685886638011,0.14143927412515112,0.1789496677020309,-0.31820483360203566
0.5016174172006076,0.9928291349858986,0.31442701391508887,-0.00675138779892892
0.7506595095941192,0.021035917873224896,0.7552446580759864,-0.5198254360762564
0.052347895029679625,0.31814362228631055,0.6895326995676859,0.14341107710023626
0.03153469969478473,0.27557532865020384,0.34957068649726175,0.28495702980944426
0.813914384557546,0.10606394211060743,0.9798979321017832,-0.22238823931468998
0.03485811301694697,0.8861887052341318,0.9081976060483906,-0.1451211631306788
0.9056861374431919,0.8021471799067564,0.6769183668981289,0.13463769759625827
0.9876200590964194,0.4497277946900149,0.5474441936863395,-0.2587425999900029
0.9165959585186969,0.5663603940375544,9.160153867568965E-4,-0.34879118633043815
0.42975336467753766,0.012336583806627499,0.7117448955326047,-0.31043477832215494
0.5460105811067923,0.41312847590610124,0.3028478681179474,-0.28746463286477103
0.01922289210514505,0.08798444234082525,0.3474216153548533,0.420272087362654
0.9415519603317258,0.31998902652356587,0.14700504341429887,-0.31208701028488517
0.2711094548127956,0.6158977997740227,0.8355517694706621,-0.3512606091931626
0.3728898111155594,0.792428455591011,0.9603159105178228,-0.21039331123129082
0.8898742143686259,0.0879136203232801,0.8591524355708816,-0.26461455603673567
0.7009323487787495,0.7594400323819244,0.4001359918957583,-0.19629649211428832
0.9626972956691163,0.28207216527055035,0.4925740418825776,-0.4643480824456159
0.3799537442579516,0.8388391666089127,0.9677470900791679,-0.17497973255487653
0.561572962316691,0.676375116930124,0.025184067098157792,-0.3140879138245206
0.1857360150748919,0.02467923248663506,0.8645489303887494,-0.0728413130279204
0.2146285574712138,0.18753092356203793,0.4696566253533183,0.33946475698056194
0.7623733410189295,0.20440212657373913,0.9343353179741167,-0.2709537026052268
0.38670340817192694,0.9315456078169781,0.3818846691774681,-0.01724188268409061
0.48746544874457653,0.7756651899629746,0.5872054876927243,-0.10369867257778535
0.11124232848688376,0.08091980575696867,0.7309860385407569,0.22054551568556402
0.1803621932625069,0.08902827301605398,0.4845454789984126,0.4212492005558127
0.4675634283116765,0.9885850162406478,0.7222450778594635,-0.02334195918268809
0.22814443526429706,0.751648503391127,0.15297646429611667,-0.06962163652693351
0.8489681135094956,0.7500270028741404,0.9831604818624761,0.3037684339142359
0.7332354057455022,0.6694800021183569,0.5579334593236014,-0.08560854765569026
0.2392596867736223,0.5176576505112636,0.5849682981377414,-0.13474451241516794
0.04590894852261718,0.43375125891548205,0.5212094136358963,0.09222404908537306
0.7511899865316649,0.6976312994988009,0.3728672112506668,-0.2746488841679102
0.3323492624239567,0.5461078825024072,0.02485463409729327,-0.13603797318616903
0.8952016715359143,0.7280621782527427,0.8233555171928925,0.24911135718803878
0.7390464853817701,0.4720507079355081,0.2666091882542252,-0.4639954339923254
0.7774890958694384,0.33495972952029707,0.6141340273538116,-0.42738130127620366
0.8887847496002881,0.48233574110029687,0.47679483947049994,-0.3450560524301877
0.18165340240429295,0.9110130858284538,0.680350238520428,-0.1650613904503803
0.3207723070227575,0.22686861232223599,0.17740402522954235,0.1628608931969372
0.19874232877834408,0.18234831392145479,0.3118479426720159,0.35997164033676543
0.5529274730961901,0.447239718201785,0.7619720070077657,-0.26784807993756
0.33877807049023856,0.38615539975280155,0.8127026309448586,-0.3215508448580029
0.4801956358692441,0.8061931144041496,0.04755856685244764,-0.1658907680572489
0.40740732415721403,0.3411137103819405,0.061710564723367445,-0.052853715356246535
0.15813460412603153,0.55066822212139,0.14252092173201947,-0.08513166802913051
0.5603375558192569,0.6631834594236192,0.5675689601635444,-0.14476166576471125
0.7818427215522586,0.357137869942562,0.4773345142065861,-0.4965407877503075
0.9739250023154161,0.8688067673730043,0.06402649905620139,-0.15516799486950414
0.02946945194002759,0.88320135973846,0.8489872034114028,-0.14058557214810946
0.2826850608170527,0.6699736803945058,0.5189612849480318,-0.18162214661608447
0.36676778827205114,0.08906826885944652,0.5677881563049714,-0.007531075969015255
0.04552256535591559,0.6519344289240334,0.4896976996129484,-0.1497009436279799
0.42102263353635605,0.5398500943098083,0.3010209750166025,-0.17205889302795438
0.8959162598822574,0.032430475055933994,0.8193150003115942,-0.31538524592758077
0.942696896111041,0.5695027763511984,0.5598339961935316,-0.13414997437560439
0.012801750541183488,0.9258991586409162,0.6815230117025838,-0.08039129882588811
0.04162860184123729,0.21674678841432027,0.3500746549773468,0.35532541724730665
0.09601991047364056,0.6187829685440462,0.3130432112892284,-0.10887512182816275
0.46881383936422305,0.24112243812756606,0.7272915167862569,-0.3718193104471512
0.0423480979917209,0.7413200943459873,0.4623787755981762,-0.16778941912689885
0.41882444898773563,0.7241803001912148,0.5805734422886772,-0.16695453104487723
0.06659658401228452,0.8823600673184161,0.5942983069470807,-0.13145577055709506
0.15271139558301738,0.8591991746054009,0.18587256151176623,-0.01991432274542786
0.5901990603688287,0.41906352927925106,0.3540831375320457,-0.3539621298139601
0.23468790755939972,0.5571806237946497,0.9804409235277081,-0.4145249161669372
0.9921899725068885,0.9519095725926964,0.27026257915029384,-0.04211080870805059
0.18269496353120884,0.6434797805611832,0.726354588019481,-0.2909806990693216
0.3713601923783493,0.37322484356896357,0.3867230833694596,-0.021948461234670258
0.2447298132297917,0.3064594104455407,0.1600265038932469,0.13605770049546786
0.062501865867988,0.9273170612518218,0.614141860715721,-0.09558943343617914
0.018040168127205547,0.377038860306664,0.320225179103906,0.1180558938615981
0.46465993354110435,0.6119678329025147,0.3979495857351323,-0.21223891705870532
0.9623056940359638,0.1778642600702498,0.7603954693285851,-0.28237295485871483
0.12773903265774322,0.44111836834901363,0.5586369312020786,0.03785242868187755
0.05296960735831391,0.4668407854390748,0.579871312518691,0.017792085236101846
0.2800858308015248,0.7505415281859988,0.28522350211240033,-0.09063138430119166
0.9560502138638689,0.21760642037400602,0.7476063044226928,-0.27673205298711034
0.5100657873634874,0.2424893485297399,0.5910196571632055,-0.3420329643675053
0.05702825393131261,0.10672729836383499,0.18292712808984513,0.24991783276548557
0.007345353648158359,0.488958534031116,0.5812204611365781,5.473600705738907E-4
0.3666271292127994,0.013372948763932913,0.9390139277464354,-0.40532473298852023
0.1646137303768902,0.35043508423765557,0.5650420385185713,0.13940398045163585
0.9752010152845242,0.15327370440167365,0.0916812350060443,-0.14260418326876684
0.8997476210792226,0.21873320139519492,0.9735803542287321,-0.06051003903594665
0.1016265020662962,0.6580358553413848,0.35080219470196805,-0.12443268570596973
0.4157257409742914,0.20669029010981033,0.7427580734997961,-0.3195790122534843
0.44553010616933,0.13843359244323528,0.3134859481068516,0.011258830205970044
0.3266022625858861,0.7287419349731272,0.9849132743351922,-0.3017480281499032
0.11373022223436491,0.62302260985381,0.7928621226709448,-0.29357207325846973
0.8700885438201079,0.23638108548973036,0.520939633034902,-0.5498675423333333
0.7601537065753172,1.1795536670933249E-4,0.9568976761403462,-0.3238141547474077
0.9501845775366979,0.8796816935046083,0.9674501390548935,0.16496294896693986
0.20730540166615752,0.8925137530617445,0.5677971222984279,-0.1301891864667605
0.8281342544359087,0.2957881483782452,0.28211955842737246,-0.4828227712941863
0.9576016242822157,0.612831845874759,0.44081832216804906,-0.22275987251440071
0.649916819214002,0.6097674184057479,0.8489532041824563,0.05801032587625976
0.952375026928408,0.25748484418669804,0.15525018131908896,-0.2798972568929169
0.578568309954202,0.6515895143685737,0.6393964438564125,-0.10013215562847733
0.28984801304676433,0.04521787214674955,0.9101957231683185,-0.28370512773920675
0.9267674769629164,0.7212224729854656,0.6924779937745574,0.1345666002848674
0.5124535481810741,0.060211645664142166,0.38091226136215295,-0.1720559788787095
0.36810723076186413,0.3947510873192197,0.016986976341225812,-0.07694568903161518
0.45703436267610753,0.6598322518455005,0.20188083103956156,-0.2168717971220844
0.47497164219251253,0.5777809029754961,0.10230448501055034,-0.24591698809726567
0.5140247790865751,0.9152092198267129,0.7814849266674726,0.005798600301934534
0.5894868522983605,0.5447714683861936,0.025113742311662635,-0.3437914475340609
0.7459412691578804,0.7027060707854129,0.08802797253314132,-0.4037492605533911
0.406027634950739,0.11783398049666383,0.8218326589409254,-0.3740614774128329
0.5004779744595312,0.01167669962457385,0.6825345888977185,-0.40729481013202473
0.8255276748261519,0.5462768343089556,0.44816767110108024,-0.32822204232199437
0.5452006945821779,0.9062209994958141,0.0019634771584032817,-0.1322026225510695
0.25152580230520327,0.4560175133160125,0.5264634222167731,-0.03730268457093905
0.022107774297397298,0.5253714020699201,0.9055896960608002,-0.2361955005929674
0.8255206799812541,0.40000115551065973,0.869185680495541,-0.017111090777699012
0.6409043541215936,0.8485545599649051,0.022737766240598645,-0.25720898190427605
0.35671789214386596,0.8079508489240196,0.81546252113363,-0.20743855967112088
0.016321635478028673,0.4344374568756265,0.013996058689009105,-0.18905685677975625
0.2724239242071611,0.3039753707027123,0.0015360351690566487,0.027612774506792434
0.2206790721754074,0.3764276839266465,0.5596142390885516,0.057833818586886965
0.6058362886005639,0.5285022013867537,0.7515322736935222,-0.1378558008840607
0.8284888266117371,0.6440657899881764,0.5939601273220145,-0.03524129724882097
0.32533617417653005,0.40828861146213324,0.6903054270296721,-0.20985556547599843
0.6324624086192889,0.30511290375455447,0.9365376558516948,-0.3148167775075624
0.5930242907144434,0.7033690999996786,0.9852916219247612,0.07509902130578205
0.013902792084037552,0.7789633277295487,0.24787323644022552,-0.1707895179203801
0.39144075006430235,0.10807382677089272,0.2812329117015807,0.13808070242643758
0.65612742508891,0.8606387181371802,0.9291640239238659,0.1790895721296622
0.3693398552197955,0.9769269703541754,0.5340922101381569,-0.029326730841842938
0.945118779517035,0.30046177312541966,0.7514248299439588,-0.19902547427081363
0.3950894416638616,0.21440861262400834,0.6341379584809932,-0.1733666079490862
0.3517684481210389,0.9238518248233174,0.25332266453872065,0.01798695049257984
0.7566475360681427,0.1362125889841166,0.6605744664491796,-0.5705112150061934
0.22646700269523523,0.7466969585512216,0.19417603990410282,-0.0740271566861156
0.9689224127995933,0.35161185129493244,0.48064120398881605,-0.4152903891127455
0.44787414389489,0.07447582978239708,0.04382036059167649,0.049689234488685965
0.923313667768518,0.4015735943808735,0.016094420368554352,-0.27513647817795
0.9888310957649568,0.8796418912299279,0.8851794156328721,0.12437185982216703
0.4928972143252969,0.0319549433615669,0.092577876866344,0.0050510047590051595
0.7257787177482191,0.7155312062086449,0.4962866994718217,-0.12331476966988542
0.4644728060570037,0.3989290636476266,0.27762815567518584,-0.1571392904379609
0.3028204160861332,0.3518780793021645,0.36089449971454934,0.10018097216443343
0.7518261500341439,0.05509662392859804,0.33785586336643325,-0.505084776657703
0.943694951459186,0.18445825252830994,0.07229856816635438,-0.16391689018648473
0.6212338870698223,0.4067503290820891,0.9139880589664237,-0.20965504083641467
0.20725410928748966,0.1788410180963853,0.9820630367515734,-0.2559164246514717
0.17049772845491096,0.16958821169036264,0.1546113873554229,0.24789371044309938
0.5242983989219124,0.7270110660291931,0.9893108430574425,-0.02438146844379152
0.5085466823218817,0.6827849674726933,0.46816072782477103,-0.1862750164671177
0.20241328563592087,0.8188776633194137,0.3493719835290501,-0.0769668741151755
0.11768512949773247,0.3175860712080073,0.2723673990252956,0.20929234206083033
0.5042445946504196,0.5234672255078959,0.13195950955648916,-0.26320820108185294
0.3005506762105097,0.4812117369830471,0.8373037223945742,-0.3443601201179166
0.5038078241850557,0.02380503866579342,0.10464572066812772,-0.009895662637218548
0.6463202979676321,0.2614466477582189,0.6505009481609855,-0.48204085660249507
0.11216641587625054,0.6139244408820267,0.03009246389156839,-0.16372881428210392
0.24507984800118165,0.7703272564565987,0.4704144491063551,-0.14817795907112805
0.8922420926948368,0.8267608479882143,0.6149740748695276,0.08381521680296267
0.25683942631780166,0.9621689551270962,0.5896774459223225,-0.08015774362442463
0.8036120392903154,0.5704318949432158,0.15142223999189086,-0.45009250073955087
0.145598463244358,0.6540300705824686,0.18591123286659228,-0.11006167913790578
0.6297539110769167,0.08198808830299886,0.561595700711915,-0.5335087326105947
0.8341822993184068,0.744687818312735,0.8010114957606399,0.2456380951874378
0.6370482875562242,0.10843078956470442,0.45298385359739224,-0.4807113608958883
0.559194676605004,0.08728154570017688,0.43734291685749804,-0.32591295563000844
0.6385396241259839,0.862798037268233,0.573521392804809,0.01058701398392306
0.8161536624252935,0.04381080494377876,0.8905652585466297,-0.3183818218429213
0.5244681231779511,0.5184549408641104,0.9256205936188172,-0.20028875830802828
0.41336022113574045,0.6563870318819215,0.32517055767615266,-0.17595573399342612
0.9612675846317631,0.7593067414434886,0.7577951584027657,0.17319379951738129
0.9018324684820913,0.3771307288710877,0.7333969288024679,-0.15590934628483832
0.13330545260414617,0.8312687560053437,0.7495088014191087,-0.23772768779023065
0.04213590180596971,0.9693548328103201,0.4660403352808784,-0.025221753906677906
0.4362209669968069,0.6966420759386857,0.28395550661049074,-0.18265826540403998
0.20344048596184083,0.13753421957249357,0.07172380830523728,0.1876781828058864
0.05327386578676607,0.005597030439539075,0.6562723529057699,0.38252834239807637
0.7838044557464041,0.5697547607682844,0.9881944420987431,0.22451344029007325
0.5295003329437264,0.3171701663751637,0.07967328708243859,-0.16157896830052623
0.6835589521337512,0.8379667310517624,0.3758654185627007,-0.1584629524172059
0.2724103035269404,0.1473268210846702,0.1645265652501039,0.2421290001778143
0.2676636047045591,0.2494117790260273,0.4226422813564402,0.23636317681472369
0.3690550262474689,0.2368909537749908,0.1877063135057363,0.10465611158078211
0.0018081037226420626,0.5749025037778012,0.5544842554248972,-0.09490138129481113
0.03101908237108264,0.8325386965234346,0.5207298132002636,-0.1458781222821279
0.3465138199109272,0.1909346997456327,0.10444172513405958,0.12796013846339094
0.22160205591183657,0.5965049388205426,0.4212253970879115,-0.09855212917507725
0.5210811698419496,0.7045079244740382,0.4922427732000616,-0.1647636084108357
0.7403750075711528,0.013951121817403878,0.43601119648182374,-0.5843670523254637
0.30434705849751753,0.5204934283949469,0.8869161646508122,-0.37391591275851443
0.9435295655632482,0.2817543244031141,0.6352300410533783,-0.3698898915140491
0.19315106687127703,0.04677512827182506,0.6283475550907197,0.2663158873863893
0.864959016793229,0.7413383331492042,0.06218032008368313,-0.35012723008819635
0.4853238432379863,0.5944231054474367,0.5038598491466248,-0.21398312219413834
0.3206714715294571,0.9854931511054972,0.20618675652892138,0.09881509889641692
0.35694414548154385,0.3479420294784046,0.8685520138930707,-0.3669641955792395
0.4726635217612136,0.02120843858576238,0.096415565592883,0.030207751525730957
0.8504781381159443,0.6801466977096932,0.7907606017493519,0.2231157411445025
0.689379012199743,0.925543066076218,0.18018620506995764,-0.19094221557548324
0.14000276882995155,0.24030410359006937,0.04604194636640557,0.08729875100661887
0.5568186631597603,0.5795052567520409,0.4441657334256661,-0.2631735827421583
0.17269070313353108,0.6225720853933779,0.19579554012347,-0.09391644181167955
0.8026033844946203,0.517742680943326,0.011830103876062315,-0.4035161622249086
0.1546338803908296,0.5410622338092206,0.913228382654344,-0.3577844607136704
0.22705515529932463,0.0733238449592748,0.5035885003501125,0.3496310913724202
0.6283231402354177,0.6115339720163063,0.5748319909883032,-0.15918933469232555
0.5697435847815501,0.6326999232506202,0.8717226473791683,-0.02794864502581973
0.5249685501076234,0.4281396609908582,0.25682506126502413,-0.256254865017732
0.4529328109528332,0.42360630878633787,0.8623895820496419,-0.3447404885471492
0.43550681725564444,0.28401453554090283,0.17189222176049357,-0.02201427422415184
0.05780178780650602,0.2376084577859422,0.14985520604691338,0.13629172631699943
0.969632880964971,0.8209409969633747,0.182688319887793,-0.19235223167543775
0.22492855779128273,0.410511087848909,0.019213899253369693,-0.04109085439166307
0.9244317584776782,0.10679093723845734,0.9375174858606806,-0.13143327688631412
0.9939284409308222,0.24109086598760765,0.025337140717533013,-0.10072600617756407
0.6969581595421406,0.17781418869189847,0.9147494844715301,-0.3807702598469737
0.7717911782714247,0.48662506027607655,0.6567803786232236,-0.1683891807912662
0.004082907225701593,0.29082229668007464,0.9321930581399525,-0.05163516799750267
0.955727429011887,0.21938306177976152,0.8098397632749517,-0.19181743346701996
0.24563416734139742,0.8995164122038029,0.5939711471950165,-0.13445728281012412
0.8414348664762223,0.9204151552768037,0.00274061207541898,-0.2068197286823263
0.4127219176451923,0.3881019176745435,0.5004728390378835,-0.14780830849432527
0.47573181352830196,0.406275034694759,0.20278440945429554,-0.17035326070024653
0.12343613144271781,0.5992732264711452,0.5486102254144753,-0.1409947971647578
0.014456779627159189,0.8832920418114202,0.9167801939612107,-0.12827930727535236
0.40601521694805687,0.21486576366081134,0.18366834467289317,0.06907272477745302
0.4202485509964661,0.8770760818739319,0.6207197736784039,-0.09148507543584682
0.1601328386161981,0.6650598789736251,0.33617232877292014,-0.10855877139171846
0.575028779165877,0.9383851069601893,0.5387718234688368,-0.008285305162676684
0.6470592043575347,0.8319610659781125,0.9649438757963966,0.17714553511761844
0.23031063129756035,0.24847273586996454,0.3814973440069994,0.292449056199949
0.8979091782861711,0.7985221316693425,0.5302934472781725,-0.005339288237214024
0.6133268258542113,0.5776050669799623,0.6228269231019986,-0.16024739290377737
0.016656870639001564,0.9938439898295893,0.41038577699052525,-6.906679302279718E-4
0.9337635656447967,0.4515003073481709,0.7357686811655331,-0.038277550397107785
0.09361387142448674,0.567493916677757,0.7423869053478225,-0.2231453540674156
0.7768262190161205,0.985796304615821,0.06588257502905615,-0.15929027236672874
0.860049694788463,0.7520885765212125,0.5830904934746749,0.03376041901492283
0.25255246585516966,0.21394979594605412,0.5439911011525449,0.20352188014127603
0.5018689870898804,0.45535713766503294,0.7282443558592198,-0.28293874382619333
0.4247044590402397,0.0867581547022479,0.6169993050922473,-0.19872250489809887
0.8279119719608333,0.7674539006443098,0.2645428017460868,-0.29409670477096517
0.6380646757375157,0.8113838887352078,0.7965437250673169,0.1358853159254685
0.5465547281348672,0.43052886511717625,0.6338819665375014,-0.303606386063016
0.8702575739032238,0.14564083988983023,0.32483422884073143,-0.5002993471304422
0.954764998829007,0.346470083486594,0.01853180418853928,-0.20877236065396684
0.6699227405017931,0.4125371950068386,0.16771884576345264,-0.3910993563875098
0.2704094669608381,0.6931497978390209,0.48277388343128846,-0.1652884242388628
0.9206504784767865,0.765697947096665,0.9457932256981536,0.267307185096043
0.9470710791844925,0.2741675023822153,0.9775793033397211,0.03466083225960914
0.9499105850113941,0.9552272353090945,0.38126827124163176,-0.04058990760332674
0.07846172716245203,0.9835870119700549,0.8982169567521189,-0.08911552267635497
0.041484856152621874,0.024604589014156852,0.294154872974986,0.3854009468139344
0.8261180159016429,0.1639887647656455,0.9203312354737928,-0.23655309712207795
0.4127555884115033,0.9430047866613747,0.3458479975324815,-0.00835582723560252
0.26073694770246225,0.6586532157241142,0.7899222567865962,-0.3277180222307357
0.18558338288784282,0.7465262102997094,0.3679980595043755,-0.11508337222551233
0.08740709736086105,0.28908558815084495,0.24058980817617215,0.2029619993529998
0.8592778407421523,0.8506231071115452,0.7931189826241558,0.21143354102787004
0.09315893791508323,0.6564833470903568,0.3130303005458652,-0.12647622054027186
0.6310519963606264,0.5008499826671133,0.031053883368856172,-0.3612597875038928
0.3986084974223565,0.6961181118423138,0.7846403625465761,-0.2198825753124904
0.4949574072530224,0.9680076160653249,0.5194254625438433,-0.01555286720539219
0.4727922503186598,0.47979922572048506,0.8305985407255847,-0.2890480760946193
0.07309690728675344,0.8569674266254289,0.07064196059856243,-0.0688239904448512
0.5622500659619877,0.8333371176895592,0.2532535573253659,-0.18600540633691107
0.32825882211567814,0.4977589443590523,0.29388654191487595,-0.06045592250102715
0.544548053688304,0.42983110403849956,0.8772114629052263,-0.27481065469208177
0.7072366394086187,0.7067229424909859,0.5856399927317846,-0.02901859576142468
0.017156799376956577,0.9491447451788612,0.9282200707833366,-0.06769198656395219
0.4480918033740001,0.5503238733442228,0.05140097402448529,-0.2182046381212038
0.6212033006601754,0.519454768610282,0.23171474535212488,-0.38465533735997204
0.128463402071905,0.09211999843482643,0.8859747018403493,-0.025434901273511223
0.5442597414113028,0.13549245279665645,0.8905015174369764,-0.4935830492825236
0.4585756877795958,0.35382012317093736,0.138478613012061,-0.10799572532527363
0.8870584595091484,0.7841414003733874,0.16117695273745802,-0.2952286878512705
0.5515724850468071,0.945603065293642,0.4064111628668602,-0.04867224302449134
0.07774497216250764,0.10238957055983566,0.6480580232766047,0.36262497951584594
0.7018145329977675,0.5121030167592571,0.12297694017729688,-0.42897580422981335
0.9077871250963235,0.09310676781286376,0.6960334468847366,-0.4528827032499757
0.1322921507549839,0.46370990073567286,0.5524568154505735,0.007822631274482711
0.6016146392286016,0.5754597217271595,0.1861390011540095,-0.3676769729823192
0.3456786311169495,0.5050126812721831,0.01573389544361803,-0.13077396970029506
0.8450057768809462,0.040585353187255424,0.43796901996672144,-0.6020443544599403
0.037010667806951725,0.4921154840353077,0.9049852310720482,-0.23071487038520755
0.03458354880849979,0.6078963653374629,0.8913010246178706,-0.2708317758407
0.9536273645316795,0.8288430209139951,0.6827538116710004,0.11385755716605378
0.4938198324019125,0.06844377296603144,0.8874472942743089,-0.4896830239088005
0.3708111452956002,0.3010654891480241,0.8127239701956995,-0.3329216623152368
0.7728364724617626,0.09133279987010057,0.5826424080829575,-0.6201957192719639
0.7873974660613082,0.2229245825908176,0.7510158615501435,-0.41258367471531365
0.8250779608681738,0.6363875120260507,0.606895964283396,-0.02579860281005375
0.12918907706010951,0.4749233450664532,0.09804002188988148,-0.07300775037884664
0.1705230669699167,0.3370563210028351,0.009721099301563396,-0.0030024526893183004
0.8209195066893897,0.3198152023862775,0.42913952315077664,-0.5322883908026165
0.6212933983907184,0.014803371300821766,0.7084096717137736,-0.548995137309307
0.9882411546657461,0.32803233750879746,0.39149500262708614,-0.42866623803648024
0.6919683605583369,0.7796596063556753,0.6463492567544591,0.07182625146544924
0.2651150782595686,0.7919439973484695,0.37605514242829774,-0.09845369258915675
0.04616762635432359,0.1278195444703366,0.17143254518370277,0.21971534705594264
0.9912784621560924,0.2913196212905931,0.49443170860633734,-0.43367396172762873
0.7674289465771421,0.629637400058108,0.42293389825316785,-0.2821797670893337
0.3182653700639766,0.6466556749412484,0.056491879783354126,-0.1298833467085828
0.5823781778602825,0.8204542219911077,0.3562348520773142,-0.1636863490143614
0.026730866388203767,0.09004671489315197,0.14639269411227107,0.182330599767146
0.5258260061192946,0.6695996583865108,0.19725992177446772,-0.2769707635466529
0.8654317420500218,0.7444535846074811,0.9215091896417155,0.2931766788459542
0.7107691648217617,0.9637625769351914,0.7830996274119935,0.14071556899284327
0.422873694469466,0.25283688034297414,0.6454601232179549,-0.24146261052264634
0.563238438159897,0.3506872347797554,0.26458849774463955,-0.27862386655992094
0.952947478217617,0.8818420431719469,0.2454625847616414,-0.13468766788248956
0.9863094313881672,0.9456810657450567,0.7949864270868257,0.05910883396912234
0.00932170570437163,0.5555864347649982,0.934645897382423,-0.2506224462775489
0.7350402360398078,0.9014395307893558,0.05266991132373822,-0.24251079665803346
0.06028881571021971,0.8905192315214528,0.5377077987284721,-0.11080771782431993
0.7921597382684769,0.3228072526239558,0.1130413055736762,-0.35874000669428097
0.6133994708730403,0.41109407763624517,0.026249732212691446,-0.2975589882480959
0.6324185841051151,0.31077826938590114,0.3357469881333167,-0.39705585852884545
0.48167316926485926,0.1587740812496199,0.1280118011343755,-0.008945326383628879
0.022917335436829167,0.7296419298981414,0.5296731315541693,-0.17613115849946748
0.17141138778710974,0.9662180958163155,0.9886416498477203,-0.16430729745836453
0.920609933116001,0.7899349018111143,0.8338515238887293,0.22796007778875904
0.5135205695730453,0.7787923033078351,0.7990537101081853,-0.029038928302450112
0.2615825253461772,0.5568601550634628,0.0630187984933277,-0.1039264201577075
0.44049870380380673,0.7630987325937604,0.16621525255505365,-0.15980336293857295
0.076543647095629,0.6550639700553258,0.9396727602252972,-0.3243256541983514
0.6214539859715748,0.16517717699353562,0.20756163841206243,-0.24837816374528895
0.6720183684264708,0.418965903626495,0.8194702738022306,-0.18366965615907088
0.6961845170814271,0.25945896291985937,0.8432962126809331,-0.3595963739372641
0.2676837471719684,0.502948078524693,0.5350035629195352,-0.10092963219036732
0.3318032778637132,0.4753440295527933,0.2975465083393204,-0.04634480600577459
0.8296513435875408,0.03422517486786303,0.5775393496353809,-0.6143596618197862
0.7938726961777599,0.28522350576754785,0.1965802899448763,-0.4104098620853917
0.16171105974828182,0.07661485646523081,0.4222463411848957,0.4586189564603336
0.2576162537856109,0.4915471761837493,0.9647577180849995,-0.4082296776963976
0.05788757848593351,0.8360604129676632,0.7166859715697145,-0.18654165689205493
0.5594794307496428,0.638672917536876,0.10821368037154888,-0.3242589943941599
0.34828988745747247,0.33584970522032465,0.8036878067369173,-0.3110608312379531
0.4279696657544325,0.7971507008873495,0.8808989086699117,-0.13500579243368444
0.5261950898623007,0.42512893754525805,0.568839327304391,-0.29741331435872315
0.6550417262981683,0.4950757363272694,0.2329180407955087,-0.4129148832853977
0.7895143869512401,0.959502978129683,0.49222729291037615,-0.008376300608359033
0.9419119161845793,0.09635572770156464,0.6293074543738195,-0.48998637236047904
0.3980300502240879,0.8550968396541235,0.5681906960753247,-0.10837481266696125
0.8395596822602319,0.11421840562943641,0.6276010326954908,-0.5683816999122697
0.2947320202921704,0.8121532575751935,0.1319711582532066,-0.039512490152742934
0.9146581628644223,0.38694845810722256,0.14071401691071683,-0.36118684334434065
0.6927608323573285,0.72265868372974,0.7164400366137512,0.10797802096102338
0.913494716330638,0.4904790097712681,0.26068286468387813,-0.423591223359007
0.43829224316041404,0.8071037307668524,0.6455811216551243,-0.11536259627643879
0.7236981193062173,0.39973438444153375,0.8483634965431873,-0.13793178710634146
0.24547042803127084,0.1036429589612049,0.8660289584678158,-0.1747993653510972
0.597259116227828,0.09006804338700547,0.8209080875382575,-0.5168436295308414
0.6053708642794299,0.09085134635199221,0.4074919706634713,-0.39037605922304075
0.6962650770537534,0.26617662344685056,0.006192420606015658,-0.22831036508865643
0.21199456991510268,0.5420815333885337,0.15299483344283005,-0.0659647019451629
0.14969684045753284,0.6647851141803536,0.44170091190141747,-0.13733972552328272
0.961371812616955,0.5610837775379978,0.2680898682766474,-0.36078076108059287
0.6071544587845691,0.7673565680303188,0.23192163220076223,-0.27343950323843114
0.9737792677386429,0.5579111821358114,0.5839318723055622,-0.10846241060189332
0.6819692509185584,0.32011783116860426,0.24716148728685194,-0.40522608718152087
0.09450935060338694,0.4109223067593656,0.5236695854304312,0.1164134045903703
0.6771690130788398,0.7527279761004065,0.5488379135979106,-0.048465789409488313
0.04811791833101897,0.4915138159594854,0.29814690918817477,-0.027393488565710278
0.8654238580438031,0.5477352686009067,0.00958954418090463,-0.3850089569082799
0.8790257731847009,0.6665435159008973,0.24046517143037294,-0.36480481675308185
0.17750656702193612,0.3962359875723853,0.005701366944060093,-0.04873469358461953
0.7040550070897895,0.9495912052674537,0.38644935923690615,-0.082781456146474
0.06893768856018456,0.8084050622754707,0.68596119958007,-0.2033934239075797
0.7481008885782416,0.5534760599719672,0.9982755265654463,0.17654433236638334
0.25419588092604806,0.8802250483601616,0.353630242572762,-0.03196032291083445
0.42271983630147836,0.6569093607156883,0.3521156287235929,-0.18155918436691326
0.8918917522553047,0.4710896598807881,0.17207315953349456,-0.4193380588624719
0.050861279220123734,0.9887834733188665,0.12018240603540786,0.037001977614047186
0.18922466324720055,0.8641604788968191,0.25197824880932695,-0.01648155519201493
0.12308015548908591,0.15223605761857173,0.3474207240743502,0.42240746256007256
0.5833462326183229,0.47745401689441036,0.27810834475755186,-0.34421104818700105
0.4969988945360895,0.5520077899983099,0.7995854247819675,-0.2084999776113342
0.011293259597704552,0.7055409562237167,0.062134147072191115,-0.2273649312631374
0.20008220941675292,0.4943352430479764,0.21073087233114274,-0.013011374733447463
0.9561506755284988,0.008243538245280346,0.6881652561285369,-0.4229247901576428
0.8653599159323592,0.9371625435768403,0.22425493519839024,-0.15061996722200696
0.15916618417472783,0.8544795639525932,0.4688367265797664,-0.11230723869781152
0.8918706201410189,0.9651697861972032,0.0645023440821132,-0.13165018054976854
0.11663763334389354,0.6789673580855884,0.5188332554802603,-0.17221066348063063
0.16946674424267416,0.13122831063542717,0.8293301676778381,-0.017654423217209336
0.7843832881814168,0.14128366947710214,0.9430131039090284,-0.27908403983439756
0.30625748846915357,0.6725040076219462,0.81363392711952,-0.315000616797795
0.6362115513646135,0.38704901969525884,0.03818448771149319,-0.30103438480181777
0.3332871837883199,0.4015175736055304,0.1871669214604036,4.515055086966608E-4
0.25763084194296837,0.8179649426957356,0.4283118429974304,-0.10679277116421095
0.5938368957048574,0.962886253876719,0.3064712508241799,-0.07986260013299175
0.6905596184013302,0.87108289384966,0.14659212637737162,-0.25050317388179544
0.13466661240116173,0.6049399115676866,0.7616651185548363,-0.28172161614914065
0.5143622464799577,0.19996234686397518,0.5954164737759328,-0.3579358501299185
0.2561179827814609,0.6585307970450116,0.18736338776465034,-0.09501397853602908
0.18537468402444734,0.3250612403955915,0.3545743443268714,0.23447935258899702
0.7216904924757037,0.3566126819517136,0.8181836237943737,-0.2296349206453283
0.040297085585934256,0.5834625970953374,0.563889274642434,-0.11395911941478683
0.4217756098957691,0.32790713138349004,0.5800233270406208,-0.19553219096484892
0.9743948840135388,0.036413733906699663,0.2204015689741784,-0.2878586724881706
0.3988461582676478,0.21342622307264492,0.1873761011975258,0.08053570570837211
0.5562160044832115,0.7865546189961732,0.14070915389105432,-0.24263092808166253
0.11259469935233957,0.08988462306699052,0.6950453943999387,0.2703371264492532
0.956228420123092,0.9864273331331288,0.5314945759199388,0.0066370388250566875
0.6152041708248313,0.2400869321765694,0.332257872087081,-0.3594111966631269
0.8140086181904748,0.17905484788391957,0.36783157993954696,-0.5510106115481923
0.05291068114799613,0.8350682847857233,0.2527849490533778,-0.10812896498030417
0.11084591949997624,0.6650911103410558,0.9286792434914726,-0.34549761268006757
0.1659416028948839,0.13082514916160726,0.2625411496819935,0.36823053551780166
0.36221985313671834,0.4261934669675943,0.5080121438958239,-0.10737644026252013
0.4523251422591823,0.2255019332782453,0.2544062428078908,-0.018298385381393195
0.4047872509536544,0.00963760861976326,0.18115338908710332,0.12777758041150403
0.5413803604434143,0.45936958423573115,0.27875154867565954,-0.291022436559935
0.6793798938384632,0.3754516620772874,0.5288002788145335,-0.43403317220150683
0.4112022901985488,0.4052028697723291,0.11925664070709874,-0.0954179653159026
0.9560433480944172,0.37702816641607095,0.9225598157157835,0.09323324107664499
0.12431616447851446,0.6229533117602315,0.31086634055693285,-0.09991031503777692
0.7071916647203156,0.5636925271726007,0.669022823375438,-0.08192071592178363
0.16192838779819851,0.01903174758177828,0.5358268214004269,0.4141419608153022
0.9052377050130637,0.805356897629858,0.3548491380457548,-0.16542587375194567
0.546764575136674,0.6330310777363922,0.7421906122105221,-0.09515915719956372
0.5431889559141745,0.7133296338457806,0.7902417372190015,-0.024874740966395692
0.26614286955296107,0.896190610026541,0.5464077258084094,-0.11070972491369807
0.08914663456703797,0.5076239156575704,0.21665455209197215,-0.058911983444333654
0.9713524494763758,0.08605104830626065,0.07891477352287857,-0.11555790962834299
0.8737669623466404,0.3216283734333647,0.927583996417632,-0.02390673355025197
0.13912648472374378,0.6071807036678205,0.4021572007122485,-0.0950569187699555
0.855760875666656,0.5735555932097165,0.196690219718487,-0.4343871751340059
0.3604346821081992,0.4220390371803544,0.6392727541849038,-0.19948373561643817
0.6435269655590606,0.02633745247430541,0.7600062043746495,-0.5442250798470493
0.8672584393514385,0.04934101218960463,0.5856404780139792,-0.5894748091787043
0.19700570097635506,0.23112572766412398,0.9502236894788438,-0.23924570380827292
0.9376176244141164,0.9469164426226266,0.5934474724374652,0.037834914719535484
0.4656647202331219,0.8536988677076773,0.6194699576879297,-0.07339463464874393
0.2229306366277355,0.2561272038109276,0.10201010718825887,0.14272064174016638
0.8059004028112028,0.7391584011024585,0.9479619759588809,0.29798145080426985
0.03172197525525711,0.0563876989575226,0.18634611164425685,0.24277373153760198
0.38067250618272186,0.7214866599726694,0.15166843044109068,-0.13745094306430403
0.06353445634404131,0.7590803001930622,0.6878428370871589,-0.22138433285810796
0.68935235322971,0.04586934157730649,0.5517300491814775,-0.5946649597703176
0.3223200182017546,0.6548973047831391,0.8200946990778103,-0.313217470734679
0.7669125860159332,0.6800760634264136,0.8278587620968305,0.2220488451344914
0.927111238172896,0.05897284575592787,0.9782523296957151,-0.0954729855951777
0.5859445970108832,0.7554301364602961,0.9701092606597058,0.08741661402015238
0.17883298479523513,0.9125696255156373,0.8615779401511705,-0.2092853582760772
0.49665994575705474,0.3286463854137349,0.18801859405995136,-0.1443062930705557
0.6069846907577454,0.08390984380668931,0.9082480489125119,-0.4889010399904117
0.6499903652516442,0.6956149648356381,0.09974277093060968,-0.3728522839223983
0.3017761363366249,0.2462099598086116,0.5725766526535707,0.06170588996355025
0.8150004585182439,0.641472417456045,0.9699592580109252,0.2873772930458979
0.801170244572406,0.9272004417714477,0.7034124850683101,0.13720883752343466
0.6687915622187662,0.4743171039787978,0.7043035269247816,-0.19310589744960915
0.23509120762698887,0.7473584566480365,0.4360320206963393,-0.13880569064672604
0.8965102780785009,0.08086082130800842,0.14719257097645244,-0.2596827172825705
0.589581813476287,0.6666057673230654,0.7378202758362774,-0.01998886846472242
0.47945271365692266,0.8511985102994947,0.9231599269954153,-0.041780921600334295
0.5226064611458475,0.2110531127101274,0.3716922337662891,-0.21154218179940745
0.6059308812732443,0.3586392790231352,0.360261537092184,-0.37493245352343024
0.4930347597651986,0.6691070694076771,0.30372416876111974,-0.2307337261422344
0.24476574478798574,0.5329625725106896,0.7355630547924574,-0.27287081822955594
0.32951696307952016,0.4433715558746597,0.8978735332678991,-0.3788869578710894
0.6540934192515758,0.5372082557520516,0.28191001242084934,-0.4031637555398997
0.21276855849292098,0.48162768458918526,0.9478849147016977,-0.38537871064343643
0.8345948618816118,0.12671631330383148,0.7337186313297034,-0.46237589197791606
0.24137914610364242,0.6439862830166494,0.2032946595440619,-0.09156219253176578
0.0991352969729894,0.33401609122124165,0.10587987480746408,0.03672282159121057
0.8376906281532783,0.19818092904588025,0.4835229839788381,-0.5907989005962084
0.7398552193705887,0.45561554439545304,0.3793953907587857,-0.4537915944195412
0.6884645361000175,0.37188098148311877,0.3439199249004943,-0.45831786506214234
0.9955904923373072,0.5099203288017843,0.5922890334829419,-0.14104021120331534
0.33876847833312573,0.07770583652416208,0.0847221699583457,0.16419894866118626
0.7205929219451006,0.2544623593742694,0.833761694510513,-0.3516505604980496
0.022420313652749324,0.908040755928709,0.3744725713942433,-0.0782754784247426
0.940224690198759,0.08224935539354705,0.9394565390210003,-0.11821278930274348
0.5459745949753305,0.16439083175592484,0.01171642320217181,-0.0702623970449779
0.7578378488355968,0.4201512486058827,0.458930090597126,-0.4489669898007038
0.695034983897036,0.728341930777691,0.16275709351226342,-0.36790653277447055
0.30352499446337766,0.8074802448516797,0.18270649425208974,-0.04945985716709915
0.5229143154917771,0.7335751659292975,0.5008428054789036,-0.14331921959000274
0.840815242619181,0.49283681864880224,0.19222919349996626,-0.45259549302336943
0.2555092673531504,0.29303250598247543,0.917155489158444,-0.3094229960790218
0.06954340283366411,0.9262999206715123,0.8450953842497348,-0.1350575698557686
0.3177440213486843,0.5513569807906229,0.18204517743120496,-0.09542851371065124
0.6767654872432297,0.8884222226717358,0.19051141041696218,-0.2181823249594559
0.9929839245530441,0.44610712435596467,0.08363881185407684,-0.2788906090636789
0.43433165501108406,0.5554188404389167,0.18317217476704462,-0.19517924526539437
0.47621353657304677,0.19482507673834337,0.059664734221234195,-0.018459608700389877
0.5600363341334609,0.5914443887494529,0.43184386542833386,-0.26368846730793416
0.005178095197159727,0.3985453905432291,0.23836236487124673,0.010952175522552704
0.6344951188997715,0.3458573881925553,0.5827941528866305,-0.421091716931632
0.4536427116033088,0.03237199689303083,0.608854780015379,-0.25224559452841433
0.38027487709689356,0.5496586285484752,0.3457188213918313,-0.13938560233753788
0.27184240795062875,0.5437960181906679,0.915388973649537,-0.3900669487371461
0.8924314395916499,0.10652711259362324,0.46568611712067975,-0.5857374414198496
0.1573693725525127,0.9098336583833934,0.9003093619186162,-0.20874654712806312
0.08646187935890592,0.887601324102523,0.020459357530843714,-0.03002345072045375
0.953333833353044,0.22205345061435255,0.9663119185435414,-0.012617114378534633
0.8736093785373813,0.014780423245044805,0.46684384217828045,-0.6019603401900514
0.2896817718846848,0.12824063467866254,0.8700961529383161,-0.2523066950068438
0.8541938511163355,0.2761367791499463,0.10778477703230993,-0.31120319567149435
0.6199699267562683,0.011787526403251314,0.049524847020392504,-0.11878026590535633
0.6537819480112618,0.8022038910874384,0.6360474730168291,0.04829747048064831
0.9434759507248415,0.9327552490840985,0.8992361427703105,0.11897367023212768
0.7280334063226542,0.35846997382672985,0.20953947502638415,-0.4280515003188013
0.4469220487780493,0.18265123467904787,0.19161356132597052,0.0256081064574808
0.89031759551699,0.9142816680060655,0.003664229625313098,-0.18382809027991528
0.028854020396327118,0.4599071626205036,0.7592740145811994,-0.08668117406988712
0.6289117356227288,0.0403343344484729,0.2903780033147263,-0.3169930392846883
0.5822585395238934,0.593305000945724,0.05182020947072308,-0.3469549816386384
0.6818712809577543,0.09665771418693958,0.03158380974935149,-0.1570823918835838
0.578606897387231,0.911529857965324,0.7154344197775196,0.05318032164026312
0.32848157316157556,0.7030395050221987,0.5127378688525673,-0.17813851168766376
0.912350866779768,0.5608607520928997,0.5527575661216433,-0.16058313365822402
0.4844074222893119,0.15857610027430946,0.24454420616454686,-0.042067896608787
0.79400100981983,0.6388390699656202,0.15806170938235453,-0.43148446970931514
0.2979827371424437,0.9927912109164416,0.8367214201665821,-0.1333006767028871
0.3092063813511814,0.06556235224298657,0.9165273765389911,-0.3176950400578691
0.4291248843786344,0.8056813304938459,0.7052695481767598,-0.12485910269076222
0.8495153039179791,0.8288832974591986,0.5558909853451659,0.030208274723629358
0.23859678192875278,0.7781715367220567,0.7675462230889176,-0.2845131407497023
0.14839393688826852,0.08498377057881501,0.8651234474658007,-0.024384087500134544
0.4591239228738301,0.4197113445990335,0.958755540414816,-0.359322518295519
0.9761511003268265,0.5881358868467352,0.7913013364603595,0.15943853199632319
0.5934308889453013,0.14989465576227612,0.7670131955873479,-0.5089515894309985
0.4340796161071945,0.8764397813406808,0.8074765290047392,-0.09034521634823252
0.8666934388327914,0.4917176853128661,0.6267024037061437,-0.1602121289521068
0.1876646066637211,0.41428686627164024,0.048052397541647474,-0.033029696979778714
0.42818569238074466,0.9629294879994673,0.07298040633439085,0.02362421872510725
0.25929107254528294,0.6444683996185854,0.2427249797735942,-0.0941178577093009
0.07188658385576407,0.08829916118704928,0.9825090586215511,-0.06280796413835565
0.2025475319620229,0.33733189267627184,0.37610786427819953,0.2115608624164318
0.7482254061792928,0.39080753718545125,0.9921197652341329,-0.027503714880863228
0.5648816495566861,0.24215829818344448,0.36027120919799915,-0.2937397296056476
0.8355911016199048,0.24693631331800125,0.5804063622986935,-0.5266699305397303
0.64680865327431,0.3948451885001506,0.8560006440991902,-0.2221590628883685
0.5941827172382587,0.27541035804126845,0.14627265432157066,-0.22772516237454882
0.2397654826559661,0.3607584433246044,0.9119109722358498,-0.3248802504560453
0.5465907504517964,0.5568662688113956,0.3492216326140346,-0.29396949865882543
0.49858519558202263,0.5838613426240482,0.9267960115582434,-0.17529055216911021
0.12639536159368625,0.712758279751709,0.6615096540270237,-0.24618866880884066
0.5278480241003386,0.06142122089710533,0.8697988755859293,-0.5022702884237549
0.7621523254320908,0.3860384818681124,0.49193008486229617,-0.46259818249354734
0.9553397831925677,0.0030811609416693253,0.9270608840731518,-0.12118731792376203
0.37038482417893104,0.31629765972467094,0.8915390021645899,-0.3874912397160276
0.47367626345429514,0.4960944869377284,0.16624016240875827,-0.2180478877915927
0.8154623167487691,0.262543704751921,0.056563370192347584,-0.27045562158461145
0.46787489466690524,0.5641550543213465,0.22734858897614107,-0.22915301746057037
0.3512520164224444,0.9439115631683501,0.9633966271297856,-0.14395001474484298
0.7491860901277383,0.2514919573595745,0.9372750807109421,-0.2392465607417883
0.030776524078896195,0.8105103420186865,0.16220962222080104,-0.14224454171765208
0.5926238580395498,0.4095863832092833,0.5055601647166976,-0.3592464347854269
0.9942787633077483,0.3633543809703691,0.22339063702014772,-0.3413799040060236
0.6580247334515005,0.9307354315028121,0.1617493393267797,-0.17723977894496815
0.9084342943285946,0.37581327287219557,0.5757527967609034,-0.3554177356860814
0.5646535662212784,0.027337155955893366,0.7331451488986427,-0.5095966873640217
0.4121879940913554,0.3630381465055377,0.5450612974333642,-0.16566069923121446
0.41177797155989637,0.361676465099651,0.4010400051926466,-0.08272328062972138
0.5569289505912098,0.05604246883351616,0.6406638199353609,-0.4685260477653419
0.08854067472178395,0.9985062685657413,0.3004556572246918,0.05399393771513132
0.03642939554109392,0.19107452404516745,0.4384576072477112,0.427009117981244
0.9140338536132988,0.1890690757894562,0.501833214646896,-0.5509482235199368
0.6580142746481078,0.27202987308104665,0.4585697877040291,-0.48484469837364863
0.782759841677636,0.3544906814382849,0.41366970474866505,-0.5142355488677062
0.4805218920911225,0.9252029435940675,0.971319381621756,-0.02423943612016019
0.27356567470896453,0.5696792214219173,0.6253264120567663,-0.21338019661380975
0.35336670807791604,0.28483460845897113,0.71749155593777,-0.2174107897484282
0.995448942870285,0.653828292048955,0.44355133125496415,-0.16969179468116694
0.04789759244944214,0.4397122833519914,0.6777941325429773,-0.007913331548326963
0.09701875674177551,0.24508073568098154,0.810954787575052,0.02968203364141031
0.6376112082214275,0.17243846444881683,0.6475543010908137,-0.5339585704102581
0.33539287212635416,0.11646059773755302,0.2979159276783503,0.2330715730599247
0.4148568416769791,0.04268971909612329,0.8891060374214879,-0.4295257386575957
0.2843371337034356,0.41630158408467766,0.47121729961794123,0.011375599839335282
0.13255857901582224,0.7345045574569596,0.2656393169110757,-0.10932230462187784
0.23179402846980368,0.47444222362015,0.12502175344182842,-0.03401843239768406
0.23115688218358432,0.6079070915054194,0.2731339436801008,-0.07972834676735532
0.5667678293733656,0.587648418142782,0.7464052659753022,-0.11358391614933927
0.501290419116005,0.5914044328748926,0.34485991769604385,-0.24962877836795605
0.14987394034619272,0.6131634492553084,0.7342092154327928,-0.2751784677372025
0.186422214234105,0.1203815384300495,0.8161443623555663,-0.02072343821285194
0.38763185534196143,0.8839510838564771,0.5240123842348017,-0.08569414696974742
0.23826746668681786,0.38531964168197097,0.41290787639777027,0.11779438420140884
0.7465777719479865,0.5859410934824908,0.042961818051302725,-0.42997556584311497
0.4899772151718603,0.9931239891113759,0.01996424813625719,0.0018880741052117033
0.9301526905437424,0.2761335176413262,0.14733170081663394,-0.3002095826374997
0.14292576209766894,0.47657600381789667,0.5452310053342462,-0.009825356982922251
0.25162900002646926,0.18737185415886792,0.6261637654136984,0.12379640937178216
0.704866857309539,0.29481537829856574,0.7216673599432673,-0.4077380053456777
0.1444848299642102,0.6744305665310539,0.40122196683570244,-0.12830873379294616
0.4492643058061482,0.8574698468581656,0.7746670350562614,-0.08040109522472934
0.7039088284520622,0.9671316255421335,0.05368096833303748,-0.1705415389379497
0.46374489755341086,0.1541273170811237,0.6703876964577767,-0.33191333291226394
0.5176858178270705,0.9667354999708974,0.2702517763375969,-0.04036921267565036
0.3427172374388142,0.17869761254612226,0.5885720451070809,-0.0011349408081498535
0.3616114038844528,0.35594303009222095,0.15649371154952374,0.00525103261058818
0.774972783478381,0.07612994904506676,0.8171616399311401,-0.436184939815763
0.06572779588498812,0.7914757629791658,0.21540708356550642,-0.12428608998635027
0.4481417815703447,0.8001010904936476,0.22764689547328165,-0.1376197939329186
0.6368520860740909,0.45922286380778876,0.6594608880817564,-0.2616804809456111
0.40168726720059933,0.7197071794476164,0.1887403123420699,-0.15240874807178426
0.6057449324102322,0.14007971272269537,0.3102738907319693,-0.30685492054288765
0.8190433209023326,0.6377929096725053,0.3375780930232972,-0.34958315150191377
0.28138305792669294,0.0514597406474363,0.7603970753795505,-0.09054519369781344
0.16475797071646336,0.8421251579391751,0.2251020765402113,-0.03493308541601978
0.7895661738027604,0.7835103463781776,0.5160844124954221,-0.03907735771981913
0.998197183555275,0.28382759043033756,0.9552745648977088,0.061478016868942276
0.26979652617380667,0.37566177985481386,0.22049542312889103,0.08572069303022879
0.9824708548218151,0.6178768617788619,0.5629347985474862,-0.07780463752858724
0.6461823795194233,0.010506660693519687,0.6572418132733933,-0.568430923294584
0.8536163313660138,0.42243605366139203,0.8358949667455595,0.003809821840024985
0.8900732561072489,0.5172527878612979,0.360231121571864,-0.40076341381957903
0.015437145293216825,0.3836523316714152,0.4436458179746321,0.17150974698668142
0.4911507363770533,0.25208682422984885,0.2849150975166027,-0.11550979908994263
0.12135277094575303,0.9584418718206443,0.745025078678427,-0.12362934945774035
0.9585595823711874,0.38058472771094753,0.02773109387902506,-0.23685171523466694
0.43464183596580463,0.04976028807791011,0.21449750198028716,0.07873604784462478
0.015038653212630981,0.8475318333145937,0.5860221644409238,-0.13980734903124128
0.9079099520389831,0.5088302586440407,0.5522780340658081,-0.22249274634636657
0.8274335890937287,0.6487734346691919,0.12319803964604426,-0.42014464859604994
0.07370916860401144,0.9505536346087565,0.7752544315924984,-0.1078704432678082
0.1608626795631627,0.4814822870543065,0.80839581979848,-0.25750133975537737
0.8200823571289864,0.9875414348845799,0.7682551621002156,0.12237250012069745
0.9474472505990762,0.5538531245077716,0.6233275770100182,-0.06669652187210162
0.5633776281774515,0.7823881408483702,0.30026807009126855,-0.2101895046138877
0.04207862223035408,0.6899446086622619,0.33015389320471233,-0.16033567706942511
0.8988272798889678,0.936412137471409,0.5662182003140429,0.03613071223512454
0.18720777161217061,0.8242848155258086,0.25375963897808806,-0.04693523922193074
0.4768398766039539,0.49736954032057423,0.13721330069040738,-0.22309536697298454
0.6380307064132321,0.2949177562514145,0.5022712257784782,-0.4635941850966712
0.13631322774077947,0.02179048367748404,0.3229887202578434,0.4396593161524799
0.8924884314710799,0.8106425883334647,0.005456286483428774,-0.2771450344431238
0.5390181485535084,0.5846214962470728,0.44873052151546733,-0.2507481168715333
0.3328693898512415,0.6830150603608036,0.7380781842982836,-0.2690094744765267
0.05157845217673396,0.7267006518789673,0.3005039787527741,-0.15670705298434215
0.7950351769624454,0.5178407563775822,0.5824997329892099,-0.21027758412264824
0.07100900071300154,0.07803317290638434,0.9220163643984827,0.0036661868375480466
0.536799095405931,0.4928697432355905,0.01188612402046585,-0.279575483630881
0.5902716457113529,0.7225358797830339,0.27012266621177583,-0.280127938357186
0.3500623624742992,0.09355390418035148,0.604156290423072,-0.01524454080621046
0.552845667904589,0.8804215170463957,0.7239441595904588,0.03033867696651399
0.6451181283781727,0.5192775570175399,0.9611678131744373,-0.014243866847591491
0.497736559992613,0.7021095598693834,0.6561883529207396,-0.12042519864988321
0.8951069604281178,0.23752115905398208,0.9631530560582312,-0.05920629145373035
0.4933901753165707,0.5887702787773559,0.8255856966170425,-0.18089531997006358
0.4508653714643779,0.4789428144893475,0.16269652265568912,-0.1836434043732605
0.29224115425724484,0.5974956541064815,0.1435219398127694,-0.10414693013583462
0.1801379118147588,0.005214788652489588,0.16496596967981414,0.29606647398268765
0.6955818885306315,0.9436842266912209,0.8600436700848703,0.1636784877715991
0.8309892160822274,0.7133595558173852,0.8727744932299382,0.2809411873274299
0.036440413403719396,0.09144180710936767,0.6554291436147764,0.38557879198470457
0.3197930907858676,0.5818923638119975,0.7395194710155953,-0.2920020268500566
0.49843232545536775,0.30842335485031136,0.8112940527445462,-0.3980632462383292
0.07380633565769934,0.928772065214253,0.585158031502252,-0.0911485743021641
0.2702021623341544,0.16023909912176093,0.16447246899979162,0.23747934603007737
0.06334334555592991,0.7993410850971205,0.9270493342654771,-0.24451663031772852
0.6640711892667223,0.20885885501897894,0.059276511397650555,-0.20652834687087468
0.6071189501748413,0.6913247704896639,0.16751294242338588,-0.33982190604156914
0.7267130245689727,0.058785028118003346,0.9476717310344788,-0.3691920700698403
0.4664595963215009,0.4576613396271231,0.7939821095930398,-0.30227279205824276
0.25881176020358965,0.9354188949718965,0.6277595299507052,-0.12013176440313711
0.12171124310922621,0.6074239758496169,0.08821048451005131,-0.1398924281154455
0.8063215988140986,0.6751771547270188,0.64096078439751,0.050186262223522626
0.5810854665380885,0.8982262182641951,0.7325357834535621,0.060414959575783994
0.15161849344313794,0.5215687267736847,0.896546931109141,-0.33935430622016927
0.1640468283594705,0.9249990929226006,0.3400008322696172,6.549129908900581E-4
0.228864708706652,0.5425264922841466,0.7846426883163382,-0.3101851879228068
0.6556943371070738,0.7514925257471228,0.9393483601491553,0.18116994343717335
0.6215232131751585,0.07059661580775578,0.5483808050205207,-0.5175959272677124
0.1948408627549736,0.6907646509951513,0.10557749289174678,-0.09908306757828864
0.8252614551778692,0.9997817300826016,0.48224897196256356,-0.008961187638961393
0.5579368186752838,0.354627592311863,0.9537919500581835,-0.3311772505418294
0.027450770471719954,0.40345325053764414,0.1234348438043571,-0.07515980106877779
0.8767820376115097,0.5917482474726291,0.9922726087275507,0.28918562310906604
0.06294925948966246,0.0412064295222202,0.3196233334441897,0.42234120649139123
0.6951602895711917,0.9989560176396856,0.6657322928907996,0.07845482975659981
0.5495788948868123,0.34511899071504437,0.2505820582702323,-0.2506270806491399
0.9650310967166986,0.19626414597590824,0.7890996579268008,-0.22885065422605733
0.627274846523969,0.28575289065288867,0.809213830967051,-0.39720371774892593
0.6155097433589534,0.9260186644045906,0.3753443774360219,-0.08802709819602209
0.6607708427692759,0.655449941958833,0.41465865818036807,-0.2630439397470481
0.6282240309790774,0.4901758627177325,0.16908677264792382,-0.38318697059710755
0.202242165808468,0.23292867410101348,0.3364716887074336,0.32541860507623777
0.72329494568965,0.8435758537950239,0.5041972655472426,-0.03416846397193335
0.22978417839733156,0.6426803030104024,0.0027359507033902775,-0.12219559790414493
0.325560138802342,0.37870539629800304,0.5733202953602043,-0.07935173628760606
0.5090586118506891,0.5508523069568446,0.8909190338271603,-0.19130996879245377
0.13703588470741201,0.6791756533932767,0.4171718708883607,-0.13526785319338439
0.9948720989481904,0.8737350612493714,0.3499507428435982,-0.07549102245018022
0.5071557938005103,0.1922106342281551,0.6703447657600228,-0.39578160453244343
0.6697095574448682,0.5650469579577847,0.7638618919467614,-0.021441433947046118
0.6570748351802222,0.3289470741627887,0.5188777691035878,-0.4606621649121586
0.5770587072802384,0.11523364400926717,0.5767336064458433,-0.4619297496675835
0.39019758912782565,0.19626683521303767,0.28554228862421205,0.10410695444646187
0.06533073323522043,0.3831222891294527,0.8878887601846007,-0.15601007641293263
0.09187016135824733,0.2930672507455837,0.33608629435975823,0.2769598855283973
0.226783150063389,0.7025417019755458,0.17431413452119915,-0.08776896191511147
0.8925285683724725,0.6620515387751821,0.5398404463668264,-0.08071403803896726
0.055436526221606997,0.20084597829679418,0.5802094071978238,0.38254034590004715
0.818063437752633,0.3168905227511889,0.6892987722626067,-0.3515890282268089
0.11577165910795828,0.9414547766760086,0.5541703327063058,-0.07740471239430025
0.47815449692243284,0.20244728169495785,0.125574930255282,-0.025280526587530612
0.21410184073561866,0.2892085430285818,0.13255195192605007,0.13918361494075857
0.4191376748829816,0.47801653908501196,0.29192037843893803,-0.14286162534012894
0.1979109329882882,0.8980741271816383,0.12962946866496128,0.036879522798373136
0.18575695883948584,0.8224394978798429,0.17955899363166272,-0.03542080382471101
0.12298384544712093,0.9599357868513997,0.9647513248417275,-0.14636335915698115
0.5609618737771336,0.5746137894962056,0.19461167639559696,-0.3291468351445607
0.46855985664723276,0.027161595734567112,0.9441158579379405,-0.48865866435979566
0.4716531731948368,0.46930181896880974,0.08938939108628807,-0.20524089905410528
0.23860923910170972,0.44850586023073924,0.9273254454814425,-0.37409741358421844
0.9197425650704504,0.1791033737482246,0.4152414223171571,-0.5363696217978628
0.8511510816420408,0.5277370036035027,0.4005806542155248,-0.381970138294643
0.7027429394696277,0.7987246522879123,0.7887436956345739,0.18954607402197898
0.9226415330547341,0.13907832013503962,0.8002498381024804,-0.2884189399995972
0.9788805584663304,0.32384753960027146,0.8614656090379778,-0.010020458706196056
0.9330976760106111,0.09690785920991829,0.28043769378775163,-0.40649158848577904
0.18283512692381432,0.3974573874561588,0.6609017287402639,-0.03685842253926619
0.38888217922837165,0.884845198025228,0.09080541865894998,-0.02348788365799028
0.8559572151030325,0.48177646997205736,0.2633097760846018,-0.45774076696445776
0.35993443521915547,0.8788983076624035,0.9678681905489739,-0.17304098076203164
0.48734765083429976,0.8211977272294522,0.07694969104948812,-0.15941692772075322
0.07954809499109483,0.3501647894235893,0.8827883871659441,-0.13431326867226268
0.009550827954073027,0.29492534977682605,0.2872325343908835,0.19136830689664153
0.8772872576992946,0.875969959502949,0.6166466026748995,0.08461805516540932
0.616726346430321,0.5183771624539286,0.8461020079505189,-0.09352376256083222
0.8359074288354674,0.3174410860786777,0.732535043279037,-0.28530429138023883
0.707811092543664,0.3876435926807478,0.3010004421276856,-0.46066979938815256
0.784678198669999,0.9014047253584109,0.9116788048357661,0.2222152480666278
